-----------------------------------------------------------------------
Heterogeneous discriminant analysis: 
-----------------------------------------------------------------------

-----------------------------------------------------------------------
 Input : 
-----------------------------------------------------------------------

Models : 
Heterogeneous_pk_E_L_B

Heterogeneous_pk_E_Lk_B

Heterogeneous_pk_E_L_Bk

Heterogeneous_pk_E_Lk_Bk

Heterogeneous_pk_Ek_L_B

Heterogeneous_pk_Ek_Lk_B

Heterogeneous_pk_Ek_L_Bk

Heterogeneous_pk_Ek_Lk_Bk

Heterogeneous_pk_Ej_L_B

Heterogeneous_pk_Ej_Lk_B

Heterogeneous_pk_Ej_L_Bk

Heterogeneous_pk_Ej_Lk_Bk

Heterogeneous_pk_Ekj_L_B

Heterogeneous_pk_Ekj_Lk_B

Heterogeneous_pk_Ekj_L_Bk

Heterogeneous_pk_Ekj_Lk_Bk

Heterogeneous_pk_Ekjh_L_B

Heterogeneous_pk_Ekjh_Lk_B

Heterogeneous_pk_Ekjh_L_Bk

Heterogeneous_pk_Ekjh_Lk_Bk

Heterogeneous_p_E_L_B

Heterogeneous_p_E_Lk_B

Heterogeneous_p_E_L_Bk

Heterogeneous_p_E_Lk_Bk

Heterogeneous_p_Ek_L_B

Heterogeneous_p_Ek_Lk_B

Heterogeneous_p_Ek_L_Bk

Heterogeneous_p_Ek_Lk_Bk

Heterogeneous_p_Ej_L_B

Heterogeneous_p_Ej_Lk_B

Heterogeneous_p_Ej_L_Bk

Heterogeneous_p_Ej_Lk_Bk

Heterogeneous_p_Ekj_L_B

Heterogeneous_p_Ekj_Lk_B

Heterogeneous_p_Ekj_L_Bk

Heterogeneous_p_Ekj_Lk_Bk

Heterogeneous_p_Ekjh_L_B

Heterogeneous_p_Ekjh_Lk_B

Heterogeneous_p_Ekjh_L_Bk

Heterogeneous_p_Ekjh_Lk_Bk

Criterions : 
  CV

-----------------------------------------------------------------------
    LEARN STEP  
-----------------------------------------------------------------------

-----------------------------------------------------------------------
 Output : 
-----------------------------------------------------------------------

-----------------------------------------------------------------------
Best model is (for CV criterion) 
-----------------------------------------------------------------------
Best model is 
 - model : Heterogeneous_p_E_L_B

-----------------------------------------------------------------------

-----------------------------------------------------------------------
Parameters display
Binary Parameters
**********************************************************
	component : 0
	proportion : 0.5
	center : 	1	1
	scatter : 	0.235099	0.235099
	0.235099	0.235099

	component : 1
	proportion : 0.5
	center : 	1	2
	scatter : 	0.235099	0.235099
	0.235099	0.235099


Gaussian Parameters
**********************************************************
	component : 0
		proportion : 0.5
		mean : 5.17676 
-1.54018 

		sigma : 
				0.56178 
0 

				0 
2.06638 

		Wk : 
				107.912 
0 

				0 
347.543 

		invSigma : 
				1.78006 
0 

				0 
0.483939 

		tabInvSqrtDetSigma : 0.928137
	component : 1
		proportion : 0.5
		mean : -5.753 
-2.87289 

		sigma : 
				0.56178 
0 

				0 
2.06638 

		Wk : 
				60.6221 
0 

				0 
272.37 

		invSigma : 
				1.78006 
0 

				0 
0.483939 

		tabInvSqrtDetSigma : 0.928137
	W : 
				168.534 
0 

				0 
619.913 

CV Error Rate:100%
CV Classification Tab:
 | 141 0|
 | 0 159|
-----------------------------------------------------------------------
-----------------------------------------------------------------------
    PREDICT STEP  
-----------------------------------------------------------------------

Predict Labels:
2
1
1
2
2
2
1
1
2
1
1
2
2
2
1
2
2
2
1
2
1
2
1
2
1
1
2
2
1
1
2
1
2
1
2
2
2
1
2
1
2
1
1
1
1
2
1
1
1
2
2
1
2
1
1
1
1
1
2
2
1
2
2
2
2
1
1
1
2
2
2
1
1
1
2
1
2
2
1
2
2
2
2
1
2
2
2
2
1
1
2
1
1
2
2
1
2
2
1
2
Predict Probas:
0.000000	
1.000000	

1.000000	
0.000000	

1.000000	
0.000000	

0.000000	
1.000000	

0.000000	
1.000000	

0.000000	
1.000000	

1.000000	
0.000000	

1.000000	
0.000000	

0.000000	
1.000000	

1.000000	
0.000000	

1.000000	
0.000000	

0.000000	
1.000000	

0.000000	
1.000000	

0.000000	
1.000000	

1.000000	
0.000000	

0.000000	
1.000000	

0.000000	
1.000000	

0.000000	
1.000000	

1.000000	
0.000000	

0.000000	
1.000000	

1.000000	
0.000000	

0.000000	
1.000000	

1.000000	
0.000000	

0.000000	
1.000000	

1.000000	
0.000000	

1.000000	
0.000000	

0.000000	
1.000000	

0.000000	
1.000000	

1.000000	
0.000000	

1.000000	
0.000000	

0.000000	
1.000000	

1.000000	
0.000000	

0.000000	
1.000000	

1.000000	
0.000000	

0.000000	
1.000000	

0.000000	
1.000000	

0.000000	
1.000000	

1.000000	
0.000000	

0.000000	
1.000000	

1.000000	
0.000000	

0.000000	
1.000000	

1.000000	
0.000000	

1.000000	
0.000000	

1.000000	
0.000000	

1.000000	
0.000000	

0.000000	
1.000000	

1.000000	
0.000000	

1.000000	
0.000000	

1.000000	
0.000000	

0.000000	
1.000000	

0.000000	
1.000000	

1.000000	
0.000000	

0.000000	
1.000000	

1.000000	
0.000000	

1.000000	
0.000000	

1.000000	
0.000000	

1.000000	
0.000000	

1.000000	
0.000000	

0.000000	
1.000000	

0.000000	
1.000000	

1.000000	
0.000000	

0.000000	
1.000000	

0.000000	
1.000000	

0.000000	
1.000000	

0.000000	
1.000000	

1.000000	
0.000000	

1.000000	
0.000000	

1.000000	
0.000000	

0.000000	
1.000000	

0.000000	
1.000000	

0.000000	
1.000000	

1.000000	
0.000000	

1.000000	
0.000000	

1.000000	
0.000000	

0.000000	
1.000000	

1.000000	
0.000000	

0.000000	
1.000000	

0.000000	
1.000000	

1.000000	
0.000000	

0.000000	
1.000000	

0.000000	
1.000000	

0.000000	
1.000000	

0.000000	
1.000000	

1.000000	
0.000000	

0.000000	
1.000000	

0.000000	
1.000000	

0.000000	
1.000000	

0.000000	
1.000000	

1.000000	
0.000000	

1.000000	
0.000000	

0.000000	
1.000000	

1.000000	
0.000000	

1.000000	
0.000000	

0.000000	
1.000000	

0.000000	
1.000000	

1.000000	
0.000000	

0.000000	
1.000000	

0.000000	
1.000000	

1.000000	
0.000000	

0.000000	
1.000000	

